$ANSIBLE_VAULT;1.1;AES256
33616337636662313835653362653263623134346336316430383439646165323230303034343133
3235366163383130343830653266363638643933623533350a323762336235363739363030373739
65303039663836623863373332643466363630363032353538323162336339333765316632336131
3063306264666432620a346135636265393739313461653338363061613137363335633034643732
61356362666661663038323062656138393135626531363262323131373537313531323138633532
33613666616635646264373739623538646561383266346130653537623839613233643139353161
64383534613461646235333536313761666538353561633733316133633139373030656330336264
36383230626436636465633530366335346230663530626433623733653535653138613532303330
36643763643666626561646335343233383663333735323265623631656562383834383038386364
61623637656235656636646130333037346531343166383864313966336537626230363063316630
62323738383239616166346635383131616461613461346539633562363830643935643664353465
38613132383765313139343132303739333334666231623866383233373236633666363964623339
3039
